{
    "camera_angle_x": 0.6911110281944275,
    "frames": [
        {
            "file_path": "./train/0_colors",
            "rotation": 0,
            "camera_intrinsics": [
                [
                    1111.1113654242622,
                    0.0,
                    399.5
                ],
                [
                    0.0,
                    1111.1113654242622,
                    399.5
                ],
                [
                    0.0,
                    0.0,
                    1.0
                ]
            ],
            "transform_matrix": [
                [
                    -0.5776082277297974,
                    -0.21488723158836365,
                    0.7875227928161621,
                    3.006709337234497
                ],
                [
                    0.8163139820098877,
                    -0.15205010771751404,
                    0.5572361350059509,
                    2.273699998855591
                ],
                [
                    -5.285872628491006e-09,
                    0.9647301435470581,
                    0.26324087381362915,
                    1.3379038572311401
                ],
                [
                    0.0,
                    0.0,
                    0.0,
                    1.0
                ]
            ]
        },
        {
            "file_path": "./train/1_colors",
            "rotation": 0,
            "camera_intrinsics": [
                [
                    1111.1113654242622,
                    0.0,
                    399.5
                ],
                [
                    0.0,
                    1111.1113654242622,
                    399.5
                ],
                [
                    0.0,
                    0.0,
                    1.0
                ]
            ],
            "transform_matrix": [
                [
                    0.8943889141082764,
                    0.18486633896827698,
                    0.4072994589805603,
                    2.2663865089416504
                ],
                [
                    0.4472900331020355,
                    -0.36965397000312805,
                    -0.8144246935844421,
                    -3.0320181846618652
                ],
                [
                    1.403494991336629e-07,
                    0.9105934500694275,
                    -0.41330328583717346,
                    -1.2924233675003052
                ],
                [
                    0.0,
                    0.0,
                    0.0,
                    1.0
                ]
            ]
        },
        {
            "file_path": "./train/2_colors",
            "rotation": 0,
            "camera_intrinsics": [
                [
                    1111.1113654242622,
                    0.0,
                    399.5
                ],
                [
                    0.0,
                    1111.1113654242622,
                    399.5
                ],
                [
                    0.0,
                    0.0,
                    1.0
                ]
            ],
            "transform_matrix": [
                [
                    -0.6836243271827698,
                    -0.31845352053642273,
                    -0.6566925048828125,
                    -2.2261850833892822
                ],
                [
                    -0.7298339605331421,
                    0.2982904613018036,
                    0.6151138544082642,
                    3.0535755157470703
                ],
                [
                    -6.085803505584408e-08,
                    0.8997833728790283,
                    -0.43633681535720825,
                    -1.3114025592803955
                ],
                [
                    0.0,
                    0.0,
                    0.0,
                    1.0
                ]
            ]
        },
        {
            "file_path": "./train/3_colors",
            "rotation": 0,
            "camera_intrinsics": [
                [
                    1111.1113654242622,
                    0.0,
                    399.5
                ],
                [
                    0.0,
                    1111.1113654242622,
                    399.5
                ],
                [
                    0.0,
                    0.0,
                    1.0
                ]
            ],
            "transform_matrix": [
                [
                    0.6144126653671265,
                    -0.10823462158441544,
                    -0.7815256118774414,
                    -3.2065787315368652
                ],
                [
                    -0.7889847159385681,
                    -0.08428662270307541,
                    -0.6086039543151855,
                    -2.3864545822143555
                ],
                [
                    -1.3036923007803125e-07,
                    0.9905458092689514,
                    -0.13718225061893463,
                    -0.15062017738819122
                ],
                [
                    0.0,
                    0.0,
                    0.0,
                    1.0
                ]
            ]
        },
        {
            "file_path": "./train/4_colors",
            "rotation": 0,
            "camera_intrinsics": [
                [
                    1111.1113654242622,
                    0.0,
                    399.5
                ],
                [
                    0.0,
                    1111.1113654242622,
                    399.5
                ],
                [
                    0.0,
                    0.0,
                    1.0
                ]
            ],
            "transform_matrix": [
                [
                    0.8207021951675415,
                    0.13364334404468536,
                    0.5555063486099243,
                    2.8056554794311523
                ],
                [
                    0.5713561177253723,
                    -0.1919666826725006,
                    -0.797935426235199,
                    -2.8118698596954346
                ],
                [
                    -4.4171841295792547e-08,
                    0.9722593426704407,
                    -0.23390541970729828,
                    -0.47083503007888794
                ],
                [
                    0.0,
                    0.0,
                    0.0,
                    1.0
                ]
            ]
        },
        {
            "file_path": "./train/5_colors",
            "rotation": 0,
            "camera_intrinsics": [
                [
                    1111.1113654242622,
                    0.0,
                    399.5
                ],
                [
                    0.0,
                    1111.1113654242622,
                    399.5
                ],
                [
                    0.0,
                    0.0,
                    1.0
                ]
            ],
            "transform_matrix": [
                [
                    -0.5150375962257385,
                    0.36146849393844604,
                    0.7772237658500671,
                    3.232297897338867
                ],
                [
                    0.8571674823760986,
                    0.2171918749809265,
                    0.46700263023376465,
                    2.141727924346924
                ],
                [
                    6.332668789355012e-08,
                    0.9067349433898926,
                    -0.4217010736465454,
                    -0.98247230052948
                ],
                [
                    0.0,
                    0.0,
                    0.0,
                    1.0
                ]
            ]
        },
        {
            "file_path": "./train/6_colors",
            "rotation": 0,
            "camera_intrinsics": [
                [
                    1111.1113654242622,
                    0.0,
                    399.5
                ],
                [
                    0.0,
                    1111.1113654242622,
                    399.5
                ],
                [
                    0.0,
                    0.0,
                    1.0
                ]
            ],
            "transform_matrix": [
                [
                    -0.4297349452972412,
                    -0.5487369894981384,
                    0.7170882821083069,
                    2.765962839126587
                ],
                [
                    0.9029549956321716,
                    -0.26115521788597107,
                    0.34127718210220337,
                    1.5784181356430054
                ],
                [
                    -5.606145236924931e-08,
                    0.7941572070121765,
                    0.6077123284339905,
                    2.420340061187744
                ],
                [
                    0.0,
                    0.0,
                    0.0,
                    1.0
                ]
            ]
        },
        {
            "file_path": "./train/7_colors",
            "rotation": 0,
            "camera_intrinsics": [
                [
                    1111.1113654242622,
                    0.0,
                    399.5
                ],
                [
                    0.0,
                    1111.1113654242622,
                    399.5
                ],
                [
                    0.0,
                    0.0,
                    1.0
                ]
            ],
            "transform_matrix": [
                [
                    0.8656291365623474,
                    -0.22195090353488922,
                    0.44880276918411255,
                    2.2267563343048096
                ],
                [
                    0.5006856322288513,
                    0.3837280571460724,
                    -0.7759295105934143,
                    -2.485367774963379
                ],
                [
                    3.7010821074545674e-08,
                    0.896376371383667,
                    0.44329383969306946,
                    2.205561876296997
                ],
                [
                    0.0,
                    0.0,
                    0.0,
                    1.0
                ]
            ]
        },
        {
            "file_path": "./train/8_colors",
            "rotation": 0,
            "camera_intrinsics": [
                [
                    1111.1113654242622,
                    0.0,
                    399.5
                ],
                [
                    0.0,
                    1111.1113654242622,
                    399.5
                ],
                [
                    0.0,
                    0.0,
                    1.0
                ]
            ],
            "transform_matrix": [
                [
                    -0.6407320499420166,
                    -0.6162779331207275,
                    0.45789065957069397,
                    1.9511520862579346
                ],
                [
                    0.7677645087242126,
                    -0.5143102407455444,
                    0.3821289837360382,
                    1.7110472917556763
                ],
                [
                    2.003013861440195e-07,
                    0.5963945388793945,
                    0.8026914596557617,
                    3.0438992977142334
                ],
                [
                    0.0,
                    0.0,
                    0.0,
                    1.0
                ]
            ]
        },
        {
            "file_path": "./train/9_colors",
            "rotation": 0,
            "camera_intrinsics": [
                [
                    1111.1113654242622,
                    0.0,
                    399.5
                ],
                [
                    0.0,
                    1111.1113654242622,
                    399.5
                ],
                [
                    0.0,
                    0.0,
                    1.0
                ]
            ],
            "transform_matrix": [
                [
                    0.6323065757751465,
                    0.06450632959604263,
                    0.7720280289649963,
                    3.4923095703125
                ],
                [
                    0.774718165397644,
                    -0.05264846980571747,
                    -0.6301109790802002,
                    -1.9422528743743896
                ],
                [
                    -5.2281009743637696e-08,
                    0.9965274930000305,
                    -0.08326420187950134,
                    0.17727646231651306
                ],
                [
                    0.0,
                    0.0,
                    0.0,
                    1.0
                ]
            ]
        },
        {
            "file_path": "./train/10_colors",
            "rotation": 0,
            "camera_intrinsics": [
                [
                    1111.1113654242622,
                    0.0,
                    399.5
                ],
                [
                    0.0,
                    1111.1113654242622,
                    399.5
                ],
                [
                    0.0,
                    0.0,
                    1.0
                ]
            ],
            "transform_matrix": [
                [
                    0.9967354536056519,
                    0.007651109714061022,
                    -0.08037308603525162,
                    0.1443859338760376
                ],
                [
                    -0.0807364284992218,
                    0.09445711970329285,
                    -0.9922497272491455,
                    -3.890249729156494
                ],
                [
                    -1.1876947203504074e-09,
                    0.9954995512962341,
                    0.09476649016141891,
                    0.9192987680435181
                ],
                [
                    0.0,
                    0.0,
                    0.0,
                    1.0
                ]
            ]
        },
        {
            "file_path": "./train/11_colors",
            "rotation": 0,
            "camera_intrinsics": [
                [
                    1111.1113654242622,
                    0.0,
                    399.5
                ],
                [
                    0.0,
                    1111.1113654242622,
                    399.5
                ],
                [
                    0.0,
                    0.0,
                    1.0
                ]
            ],
            "transform_matrix": [
                [
                    -0.7541168928146362,
                    -0.36847060918807983,
                    -0.5436331629753113,
                    -1.757563829421997
                ],
                [
                    -0.6567400693893433,
                    0.4231049418449402,
                    0.6242392063140869,
                    3.092299222946167
                ],
                [
                    7.312877414733521e-08,
                    0.8277751207351685,
                    -0.5610600709915161,
                    -1.8299331665039062
                ],
                [
                    0.0,
                    0.0,
                    0.0,
                    1.0
                ]
            ]
        },
        {
            "file_path": "./train/12_colors",
            "rotation": 0,
            "camera_intrinsics": [
                [
                    1111.1113654242622,
                    0.0,
                    399.5
                ],
                [
                    0.0,
                    1111.1113654242622,
                    399.5
                ],
                [
                    0.0,
                    0.0,
                    1.0
                ]
            ],
            "transform_matrix": [
                [
                    -0.1593220829963684,
                    -0.05309157818555832,
                    0.9857980012893677,
                    3.8039157390594482
                ],
                [
                    0.9872266054153442,
                    -0.008568142540752888,
                    0.1590915471315384,
                    1.0331979990005493
                ],
                [
                    3.671308945740748e-08,
                    0.9985528588294983,
                    0.0537785179913044,
                    0.6802397966384888
                ],
                [
                    0.0,
                    0.0,
                    0.0,
                    1.0
                ]
            ]
        },
        {
            "file_path": "./train/13_colors",
            "rotation": 0,
            "camera_intrinsics": [
                [
                    1111.1113654242622,
                    0.0,
                    399.5
                ],
                [
                    0.0,
                    1111.1113654242622,
                    399.5
                ],
                [
                    0.0,
                    0.0,
                    1.0
                ]
            ],
            "transform_matrix": [
                [
                    0.9939426183700562,
                    0.021982181817293167,
                    -0.1076786145567894,
                    0.029371703043580055
                ],
                [
                    -0.10989949107170105,
                    0.19880932569503784,
                    -0.9738567471504211,
                    -3.7564127445220947
                ],
                [
                    1.5108904349858676e-08,
                    0.9797916412353516,
                    0.2000209093093872,
                    1.3742271661758423
                ],
                [
                    0.0,
                    0.0,
                    0.0,
                    1.0
                ]
            ]
        },
        {
            "file_path": "./train/14_colors",
            "rotation": 0,
            "camera_intrinsics": [
                [
                    1111.1113654242622,
                    0.0,
                    399.5
                ],
                [
                    0.0,
                    1111.1113654242622,
                    399.5
                ],
                [
                    0.0,
                    0.0,
                    1.0
                ]
            ],
            "transform_matrix": [
                [
                    -0.021178491413593292,
                    0.33191442489624023,
                    0.943071722984314,
                    3.897247314453125
                ],
                [
                    0.9997756481170654,
                    0.007031161803752184,
                    0.019977271556854248,
                    0.5719643831253052
                ],
                [
                    -1.4567213213467767e-07,
                    0.9432833194732666,
                    -0.3319888710975647,
                    -0.6959307789802551
                ],
                [
                    0.0,
                    0.0,
                    0.0,
                    1.0
                ]
            ]
        },
        {
            "file_path": "./train/15_colors",
            "rotation": 0,
            "camera_intrinsics": [
                [
                    1111.1113654242622,
                    0.0,
                    399.5
                ],
                [
                    0.0,
                    1111.1113654242622,
                    399.5
                ],
                [
                    0.0,
                    0.0,
                    1.0
                ]
            ],
            "transform_matrix": [
                [
                    -0.8972534537315369,
                    0.04413190856575966,
                    0.43930453062057495,
                    1.966119408607483
                ],
                [
                    0.44151565432548523,
                    0.0896853432059288,
                    0.8927600383758545,
                    3.4794657230377197
                ],
                [
                    2.712092950218903e-08,
                    0.9949918985366821,
                    -0.09995541721582413,
                    0.16641221940517426
                ],
                [
                    0.0,
                    0.0,
                    0.0,
                    1.0
                ]
            ]
        },
        {
            "file_path": "./train/16_colors",
            "rotation": 0,
            "camera_intrinsics": [
                [
                    1111.1113654242622,
                    0.0,
                    399.5
                ],
                [
                    0.0,
                    1111.1113654242622,
                    399.5
                ],
                [
                    0.0,
                    0.0,
                    1.0
                ]
            ],
            "transform_matrix": [
                [
                    0.8442093729972839,
                    -0.2834240794181824,
                    -0.4549519121646881,
                    -1.7050219774246216
                ],
                [
                    -0.5360134243965149,
                    -0.4463866353034973,
                    -0.7165392637252808,
                    -2.9728622436523438
                ],
                [
                    8.173373977626852e-09,
                    0.8487695455551147,
                    -0.528762936592102,
                    -2.06276273727417
                ],
                [
                    0.0,
                    0.0,
                    0.0,
                    1.0
                ]
            ]
        },
        {
            "file_path": "./train/17_colors",
            "rotation": 0,
            "camera_intrinsics": [
                [
                    1111.1113654242622,
                    0.0,
                    399.5
                ],
                [
                    0.0,
                    1111.1113654242622,
                    399.5
                ],
                [
                    0.0,
                    0.0,
                    1.0
                ]
            ],
            "transform_matrix": [
                [
                    -0.9007238745689392,
                    0.34825074672698975,
                    0.2596493661403656,
                    1.5144383907318115
                ],
                [
                    0.43439194560050964,
                    0.7221075892448425,
                    0.5383904576301575,
                    2.603466510772705
                ],
                [
                    8.74227694680485e-08,
                    0.5977307558059692,
                    -0.8016968965530396,
                    -2.632192850112915
                ],
                [
                    0.0,
                    0.0,
                    0.0,
                    1.0
                ]
            ]
        },
        {
            "file_path": "./train/18_colors",
            "rotation": 0,
            "camera_intrinsics": [
                [
                    1111.1113654242622,
                    0.0,
                    399.5
                ],
                [
                    0.0,
                    1111.1113654242622,
                    399.5
                ],
                [
                    0.0,
                    0.0,
                    1.0
                ]
            ],
            "transform_matrix": [
                [
                    -0.9671694040298462,
                    -0.02192508801817894,
                    -0.25318482518196106,
                    -0.41286343336105347
                ],
                [
                    -0.25413236021995544,
                    0.08344153314828873,
                    0.9635633230209351,
                    3.974147319793701
                ],
                [
                    -8.095756953707678e-08,
                    0.9962714314460754,
                    -0.08627397567033768,
                    0.1889382153749466
                ],
                [
                    0.0,
                    0.0,
                    0.0,
                    1.0
                ]
            ]
        },
        {
            "file_path": "./train/19_colors",
            "rotation": 0,
            "camera_intrinsics": [
                [
                    1111.1113654242622,
                    0.0,
                    399.5
                ],
                [
                    0.0,
                    1111.1113654242622,
                    399.5
                ],
                [
                    0.0,
                    0.0,
                    1.0
                ]
            ],
            "transform_matrix": [
                [
                    -0.9860405921936035,
                    0.0625,
                    -0.15432952344417572,
                    -0.021426184102892876
                ],
                [
                    -0.16650478541851044,
                    -0.37012454867362976,
                    0.9139387011528015,
                    3.5878844261169434
                ],
                [
                    2.667943554968133e-08,
                    0.9268773198127747,
                    0.37536442279815674,
                    1.7682267427444458
                ],
                [
                    0.0,
                    0.0,
                    0.0,
                    1.0
                ]
            ]
        },
        {
            "file_path": "./train/20_colors",
            "rotation": 0,
            "camera_intrinsics": [
                [
                    1111.1113654242622,
                    0.0,
                    399.5
                ],
                [
                    0.0,
                    1111.1113654242622,
                    399.5
                ],
                [
                    0.0,
                    0.0,
                    1.0
                ]
            ],
            "transform_matrix": [
                [
                    0.09404824674129486,
                    0.16330072283744812,
                    -0.9820833802223206,
                    -3.8084053993225098
                ],
                [
                    -0.9955675601959229,
                    0.015426639467477798,
                    -0.0927744209766388,
                    0.09299831837415695
                ],
                [
                    1.1655234288809879e-07,
                    0.9864557385444641,
                    0.16402776539325714,
                    1.2195900678634644
                ],
                [
                    0.0,
                    0.0,
                    0.0,
                    1.0
                ]
            ]
        },
        {
            "file_path": "./train/21_colors",
            "rotation": 0,
            "camera_intrinsics": [
                [
                    1111.1113654242622,
                    0.0,
                    399.5
                ],
                [
                    0.0,
                    1111.1113654242622,
                    399.5
                ],
                [
                    0.0,
                    0.0,
                    1.0
                ]
            ],
            "transform_matrix": [
                [
                    -0.7342775464057922,
                    -0.6441972255706787,
                    -0.2141176015138626,
                    -0.4418042302131653
                ],
                [
                    -0.6788492798805237,
                    0.6967961192131042,
                    0.23160049319267273,
                    1.518702745437622
                ],
                [
                    -8.74227694680485e-08,
                    0.31541264057159424,
                    -0.9489546418190002,
                    -3.6740102767944336
                ],
                [
                    0.0,
                    0.0,
                    0.0,
                    1.0
                ]
            ]
        },
        {
            "file_path": "./train/22_colors",
            "rotation": 0,
            "camera_intrinsics": [
                [
                    1111.1113654242622,
                    0.0,
                    399.5
                ],
                [
                    0.0,
                    1111.1113654242622,
                    399.5
                ],
                [
                    0.0,
                    0.0,
                    1.0
                ]
            ],
            "transform_matrix": [
                [
                    -0.8094714879989624,
                    -0.08089485764503479,
                    -0.5815598368644714,
                    -1.7472245693206787
                ],
                [
                    -0.5871590375900269,
                    0.11152346432209015,
                    0.8017522692680359,
                    3.5980770587921143
                ],
                [
                    -7.040950578129923e-08,
                    0.9904637932777405,
                    -0.13777321577072144,
                    -0.03237321600317955
                ],
                [
                    0.0,
                    0.0,
                    0.0,
                    1.0
                ]
            ]
        },
        {
            "file_path": "./train/23_colors",
            "rotation": 0,
            "camera_intrinsics": [
                [
                    1111.1113654242622,
                    0.0,
                    399.5
                ],
                [
                    0.0,
                    1111.1113654242622,
                    399.5
                ],
                [
                    0.0,
                    0.0,
                    1.0
                ]
            ],
            "transform_matrix": [
                [
                    -0.29570329189300537,
                    -0.8064637184143066,
                    0.512031078338623,
                    2.149005174636841
                ],
                [
                    0.9552797675132751,
                    -0.24963781237602234,
                    0.1584973931312561,
                    1.010443925857544
                ],
                [
                    -7.847357608170569e-08,
                    0.5360011458396912,
                    0.8442172408103943,
                    3.2188165187835693
                ],
                [
                    0.0,
                    0.0,
                    0.0,
                    1.0
                ]
            ]
        },
        {
            "file_path": "./train/24_colors",
            "rotation": 0,
            "camera_intrinsics": [
                [
                    1111.1113654242622,
                    0.0,
                    399.5
                ],
                [
                    0.0,
                    1111.1113654242622,
                    399.5
                ],
                [
                    0.0,
                    0.0,
                    1.0
                ]
            ],
            "transform_matrix": [
                [
                    0.9866857528686523,
                    0.023356378078460693,
                    0.1609521359205246,
                    1.2104454040527344
                ],
                [
                    0.16263796389102936,
                    -0.14169767498970032,
                    -0.9764582514762878,
                    -3.8101041316986084
                ],
                [
                    1.5469328928929826e-08,
                    0.9896343946456909,
                    -0.14360971748828888,
                    -0.13389436900615692
                ],
                [
                    0.0,
                    0.0,
                    0.0,
                    1.0
                ]
            ]
        },
        {
            "file_path": "./train/25_colors",
            "rotation": 0,
            "camera_intrinsics": [
                [
                    1111.1113654242622,
                    0.0,
                    399.5
                ],
                [
                    0.0,
                    1111.1113654242622,
                    399.5
                ],
                [
                    0.0,
                    0.0,
                    1.0
                ]
            ],
            "transform_matrix": [
                [
                    0.08700592070817947,
                    0.490404337644577,
                    0.8671410083770752,
                    3.759079933166504
                ],
                [
                    0.9962077140808105,
                    -0.042830418795347214,
                    -0.07573366165161133,
                    0.2153613418340683
                ],
                [
                    -1.0230345282025155e-07,
                    0.8704419136047363,
                    -0.4922711253166199,
                    -1.3501617908477783
                ],
                [
                    0.0,
                    0.0,
                    0.0,
                    1.0
                ]
            ]
        },
        {
            "file_path": "./train/26_colors",
            "rotation": 0,
            "camera_intrinsics": [
                [
                    1111.1113654242622,
                    0.0,
                    399.5
                ],
                [
                    0.0,
                    1111.1113654242622,
                    399.5
                ],
                [
                    0.0,
                    0.0,
                    1.0
                ]
            ],
            "transform_matrix": [
                [
                    -0.9085046648979187,
                    -0.143653005361557,
                    -0.3924066424369812,
                    -1.0096211433410645
                ],
                [
                    -0.4178745448589325,
                    0.31231722235679626,
                    0.8531346917152405,
                    3.78208065032959
                ],
                [
                    -4.3847645514460964e-09,
                    0.9390536546707153,
                    -0.3437706232070923,
                    -0.8225148320198059
                ],
                [
                    0.0,
                    0.0,
                    0.0,
                    1.0
                ]
            ]
        },
        {
            "file_path": "./train/27_colors",
            "rotation": 0,
            "camera_intrinsics": [
                [
                    1111.1113654242622,
                    0.0,
                    399.5
                ],
                [
                    0.0,
                    1111.1113654242622,
                    399.5
                ],
                [
                    0.0,
                    0.0,
                    1.0
                ]
            ],
            "transform_matrix": [
                [
                    0.8341982960700989,
                    0.08806499093770981,
                    -0.5443874597549438,
                    -1.9800471067428589
                ],
                [
                    -0.5514644980430603,
                    0.13321559131145477,
                    -0.8234928250312805,
                    -3.251559019088745
                ],
                [
                    7.646097976987676e-09,
                    0.9871667623519897,
                    0.15969295799732208,
                    1.2275086641311646
                ],
                [
                    0.0,
                    0.0,
                    0.0,
                    1.0
                ]
            ]
        },
        {
            "file_path": "./train/28_colors",
            "rotation": 0,
            "camera_intrinsics": [
                [
                    1111.1113654242622,
                    0.0,
                    399.5
                ],
                [
                    0.0,
                    1111.1113654242622,
                    399.5
                ],
                [
                    0.0,
                    0.0,
                    1.0
                ]
            ],
            "transform_matrix": [
                [
                    0.5577646493911743,
                    0.8154758214950562,
                    0.1545889973640442,
                    1.1799936294555664
                ],
                [
                    0.8299990892410278,
                    -0.5480049848556519,
                    -0.10388459265232086,
                    0.04304002225399017
                ],
                [
                    1.6738010799599579e-07,
                    0.18625189363956451,
                    -0.9825020432472229,
                    -3.821748733520508
                ],
                [
                    0.0,
                    0.0,
                    0.0,
                    1.0
                ]
            ]
        },
        {
            "file_path": "./train/29_colors",
            "rotation": 0,
            "camera_intrinsics": [
                [
                    1111.1113654242622,
                    0.0,
                    399.5
                ],
                [
                    0.0,
                    1111.1113654242622,
                    399.5
                ],
                [
                    0.0,
                    0.0,
                    1.0
                ]
            ],
            "transform_matrix": [
                [
                    0.4786091446876526,
                    0.18618083000183105,
                    0.8580617308616638,
                    3.7752184867858887
                ],
                [
                    0.8780279755592346,
                    -0.10148613154888153,
                    -0.4677256941795349,
                    -1.2853074073791504
                ],
                [
                    -1.9111787707970507e-07,
                    0.9772600531578064,
                    -0.21204419434070587,
                    -0.3093721568584442
                ],
                [
                    0.0,
                    0.0,
                    0.0,
                    1.0
                ]
            ]
        },
        {
            "file_path": "./train/30_colors",
            "rotation": 0,
            "camera_intrinsics": [
                [
                    1111.1113654242622,
                    0.0,
                    399.5
                ],
                [
                    0.0,
                    1111.1113654242622,
                    399.5
                ],
                [
                    0.0,
                    0.0,
                    1.0
                ]
            ],
            "transform_matrix": [
                [
                    -0.7816978096961975,
                    -0.15427277982234955,
                    -0.6042750477790833,
                    -1.888414978981018
                ],
                [
                    -0.6236572861671448,
                    0.19336676597595215,
                    0.7574040293693542,
                    3.4936606884002686
                ],
                [
                    -1.075608651035509e-07,
                    0.9689216613769531,
                    -0.2473677396774292,
                    -0.47772830724716187
                ],
                [
                    0.0,
                    0.0,
