{
    "camera_angle_x": 0.6911110281944275,
    "frames": [
        {
            "file_path": "./train/0_colors",
            "rotation": 0,
            "camera_intrinsics": [
                [
                    1111.1113654242622,
                    0.0,
                    399.5
                ],
                [
                    0.0,
                    1111.1113654242622,
                    399.5
                ],
                [
                    0.0,
                    0.0,
                    1.0
                ]
            ],
            "transform_matrix": [
                [
                    0.46798932552337646,
                    0.5619522333145142,
                    0.6820526719093323,
                    3.2730958461761475
                ],
                [
                    0.8837342858314514,
                    -0.2975867986679077,
                    -0.36118704080581665,
                    -0.9685172438621521
                ],
                [
                    9.761166985811087e-09,
                    0.771784782409668,
                    -0.6358838677406311,
                    -2.0853817462921143
                ],
                [
                    0.0,
                    0.0,
                    0.0,
                    1.0
                ]
            ]
        },
        {
            "file_path": "./train/1_colors",
            "rotation": 0,
            "camera_intrinsics": [
                [
                    1111.1113654242622,
                    0.0,
                    399.5
                ],
                [
                    0.0,
                    1111.1113654242622,
                    399.5
                ],
                [
                    0.0,
                    0.0,
                    1.0
                ]
            ],
            "transform_matrix": [
                [
                    -0.020857058465480804,
                    0.7626858949661255,
                    0.6464327573776245,
                    3.057889223098755
                ],
                [
                    0.9997825622558594,
                    0.015910815447568893,
                    0.013485654257237911,
                    0.5533616542816162
                ],
                [
                    4.670943098972202e-08,
                    0.6465733051300049,
                    -0.7628519535064697,
                    -2.51855206489563
                ],
                [
                    0.0,
                    0.0,
                    0.0,
                    1.0
                ]
            ]
        },
        {
            "file_path": "./train/2_colors",
            "rotation": 0,
            "camera_intrinsics": [
                [
                    1111.1113654242622,
                    0.0,
                    399.5
                ],
                [
                    0.0,
                    1111.1113654242622,
                    399.5
                ],
                [
                    0.0,
                    0.0,
                    1.0
                ]
            ],
            "transform_matrix": [
                [
                    -0.014280952513217926,
                    0.43920764327049255,
                    -0.8982722163200378,
                    -3.213984251022339
                ],
                [
                    -0.9998981356620789,
                    -0.006272837985306978,
                    0.01282954029738903,
                    0.5530451536178589
                ],
                [
                    1.1582135783783087e-07,
                    0.8983637094497681,
                    0.43925249576568604,
                    2.316127300262451
                ],
                [
                    0.0,
                    0.0,
                    0.0,
                    1.0
                ]
            ]
        },
        {
            "file_path": "./train/3_colors",
            "rotation": 0,
            "camera_intrinsics": [
                [
                    1111.1113654242622,
                    0.0,
                    399.5
                ],
                [
                    0.0,
                    1111.1113654242622,
                    399.5
                ],
                [
                    0.0,
                    0.0,
                    1.0
                ]
            ],
            "transform_matrix": [
                [
                    0.7664225697517395,
                    -0.42280712723731995,
                    -0.4835605323314667,
                    -1.8491134643554688
                ],
                [
                    -0.642336905002594,
                    -0.5044844150543213,
                    -0.5769739747047424,
                    -2.3029115200042725
                ],
                [
                    -1.832186136141445e-08,
                    0.7528144717216492,
                    -0.6582328081130981,
                    -2.6976616382598877
                ],
                [
                    0.0,
                    0.0,
                    0.0,
                    1.0
                ]
            ]
        },
        {
            "file_path": "./train/4_colors",
            "rotation": 0,
            "camera_intrinsics": [
                [
                    1111.1113654242622,
                    0.0,
                    399.5
                ],
                [
                    0.0,
                    1111.1113654242622,
                    399.5
                ],
                [
                    0.0,
                    0.0,
                    1.0
                ]
            ],
            "transform_matrix": [
                [
                    0.8051022291183472,
                    0.4711873531341553,
                    -0.36026808619499207,
                    -0.9168128371238708
                ],
                [
                    -0.5931363105773926,
                    0.6395729780197144,
                    -0.4890151917934418,
                    -1.4231315851211548
                ],
                [
                    -3.140209869911814e-08,
                    0.6073951125144958,
                    0.7943999767303467,
                    3.6241068840026855
                ],
                [
                    0.0,
                    0.0,
                    0.0,
                    1.0
                ]
            ]
        },
        {
            "file_path": "./train/5_colors",
            "rotation": 0,
            "camera_intrinsics": [
                [
                    1111.1113654242622,
                    0.0,
                    399.5
                ],
                [
                    0.0,
                    1111.1113654242622,
                    399.5
                ],
                [
                    0.0,
                    0.0,
                    1.0
                ]
            ],
            "transform_matrix": [
                [
                    0.18092761933803558,
                    0.4577195346355438,
                    -0.8704931139945984,
                    -3.154289484024048
                ],
                [
                    -0.9834965467453003,
                    0.0842038244009018,
                    -0.1601390689611435,
                    -0.17225608229637146
                ],
                [
                    7.013710501269088e-08,
                    0.8851003050804138,
                    0.465400367975235,
                    2.4537289142608643
                ],
                [
                    0.0,
                    0.0,
                    0.0,
                    1.0
                ]
            ]
        },
        {
            "file_path": "./train/6_colors",
            "rotation": 0,
            "camera_intrinsics": [
                [
                    1111.1113654242622,
                    0.0,
                    399.5
                ],
                [
                    0.0,
                    1111.1113654242622,
                    399.5
                ],
                [
                    0.0,
                    0.0,
                    1.0
                ]
            ],
            "transform_matrix": [
                [
                    0.4469817876815796,
                    0.6343961954116821,
                    0.630673348903656,
                    3.0901145935058594
                ],
                [
                    0.8945432305335999,
                    -0.31699249148368835,
                    -0.31513240933418274,
                    -0.7942183613777161
                ],
                [
                    -9.189147220922678e-08,
                    0.7050228714942932,
                    -0.7091846466064453,
                    -2.4125523567199707
                ],
                [
                    0.0,
                    0.0,
                    0.0,
                    1.0
                ]
            ]
        },
        {
            "file_path": "./train/7_colors",
            "rotation": 0,
            "camera_intrinsics": [
                [
                    1111.1113654242622,
                    0.0,
                    399.5
                ],
                [
                    0.0,
                    1111.1113654242622,
                    399.5
                ],
                [
                    0.0,
                    0.0,
                    1.0
                ]
            ],
            "transform_matrix": [
                [
                    -0.7393172383308411,
                    0.23664738237857819,
                    -0.6304032206535339,
                    -1.8350058794021606
                ],
                [
                    -0.6733574271202087,
                    -0.2598285973072052,
                    0.6921553611755371,
                    3.063734769821167
                ],
                [
                    -3.6385014112738645e-08,
                    0.9362089037895203,
                    0.3514440357685089,
                    1.8017442226409912
                ],
                [
                    0.0,
                    0.0,
                    0.0,
                    1.0
                ]
            ]
        },
        {
            "file_path": "./train/8_colors",
            "rotation": 0,
            "camera_intrinsics": [
                [
                    1111.1113654242622,
                    0.0,
                    399.5
                ],
                [
                    0.0,
                    1111.1113654242622,
                    399.5
                ],
                [
                    0.0,
                    0.0,
                    1.0
                ]
            ],
            "transform_matrix": [
                [
                    0.8732905387878418,
                    -0.4321955740451813,
                    -0.22487960755825043,
                    -0.5649073719978333
                ],
                [
                    -0.4872000515460968,
                    -0.7746967673301697,
                    -0.4030894637107849,
                    -1.4088127613067627
                ],
                [
                    -2.020582101636137e-08,
                    0.461575448513031,
                    -0.8871010541915894,
                    -3.7008278369903564
                ],
                [
                    0.0,
                    0.0,
                    0.0,
                    1.0
                ]
            ]
        },
        {
            "file_path": "./train/9_colors",
            "rotation": 0,
            "camera_intrinsics": [
                [
                    1111.1113654242622,
                    0.0,
                    399.5
                ],
                [
                    0.0,
                    1111.1113654242622,
                    399.5
                ],
                [
                    0.0,
                    0.0,
                    1.0
                ]
            ],
            "transform_matrix": [
                [
                    -0.4033180773258209,
                    -0.21760286390781403,
                    -0.8888103365898132,
                    -3.312822103500366
                ],
                [
                    -0.9150599837303162,
                    0.09590978920459747,
                    0.3917483389377594,
                    2.18052339553833
                ],
                [
                    4.6877804749101415e-08,
                    0.9713137149810791,
                    -0.23780182003974915,
                    -0.5201231837272644
                ],
                [
                    0.0,
                    0.0,
                    0.0,
                    1.0
                ]
            ]
        },
        {
            "file_path": "./train/10_colors",
            "rotation": 0,
            "camera_intrinsics": [
                [
                    1111.1113654242622,
                    0.0,
                    399.5
                ],
                [
                    0.0,
                    1111.1113654242622,
                    399.5
                ],
                [
                    0.0,
                    0.0,
                    1.0
                ]
            ],
            "transform_matrix": [
                [
                    0.6157435178756714,
                    -0.32180970907211304,
                    0.7192347645759583,
                    3.1126561164855957
                ],
                [
                    0.7879468202590942,
                    0.2514793276786804,
                    -0.5620481967926025,
                    -1.5416686534881592
                ],
                [
                    -9.683833468443481e-08,
                    0.9127960801124573,
                    0.40841570496559143,
                    1.9835901260375977
                ],
                [
                    0.0,
                    0.0,
                    0.0,
                    1.0
                ]
            ]
        },
        {
            "file_path": "./train/11_colors",
            "rotation": 0,
            "camera_intrinsics": [
                [
                    1111.1113654242622,
                    0.0,
                    399.5
                ],
                [
                    0.0,
                    1111.1113654242622,
                    399.5
                ],
                [
                    0.0,
                    0.0,
                    1.0
                ]
            ],
            "transform_matrix": [
                [
                    0.9522784352302551,
                    0.014249940402805805,
                    -0.3048982620239258,
                    -0.8892370462417603
                ],
                [
                    -0.30523109436035156,
                    0.044457923620939255,
                    -0.9512401223182678,
                    -3.834226131439209
                ],
                [
                    2.984592839538891e-08,
                    0.998909592628479,
                    0.0466858446598053,
                    0.7127189040184021
                ],
                [
                    0.0,
                    0.0,
                    0.0,
                    1.0
                ]
            ]
        },
        {
            "file_path": "./train/12_colors",
            "rotation": 0,
            "camera_intrinsics": [
                [
                    1111.1113654242622,
                    0.0,
                    399.5
                ],
                [
                    0.0,
                    1111.1113654242622,
                    399.5
                ],
                [
                    0.0,
                    0.0,
                    1.0
                ]
            ],
            "transform_matrix": [
                [
                    0.9370172619819641,
                    -0.15278665721416473,
                    -0.3140941262245178,
                    -1.0022199153900146
                ],
                [
                    -0.3492833971977234,
                    -0.40987879037857056,
                    -0.8426154255867004,
                    -3.5299837589263916
                ],
                [
                    -1.3374106799801666e-07,
                    0.8992528319358826,
                    -0.43742936849594116,
                    -1.592096209526062
                ],
                [
                    0.0,
                    0.0,
                    0.0,
                    1.0
                ]
            ]
        },
        {
            "file_path": "./train/13_colors",
            "rotation": 0,
            "camera_intrinsics": [
                [
                    1111.1113654242622,
                    0.0,
                    399.5
                ],
                [
                    0.0,
                    1111.1113654242622,
                    399.5
                ],
                [
                    0.0,
                    0.0,
                    1.0
                ]
            ],
            "transform_matrix": [
                [
                    0.4706479012966156,
                    0.6291756629943848,
                    -0.6185698509216309,
                    -1.9895058870315552
                ],
                [
                    -0.8823212385177612,
                    0.3356148898601532,
                    -0.32995766401290894,
                    -0.8279529213905334
                ],
                [
                    -6.257969431544552e-08,
                    0.7010710835456848,
                    0.7130914926528931,
                    3.369920015335083
                ],
                [
                    0.0,
                    0.0,
                    0.0,
                    1.0
                ]
            ]
        },
        {
            "file_path": "./train/14_colors",
            "rotation": 0,
            "camera_intrinsics": [
                [
                    1111.1113654242622,
                    0.0,
                    399.5
                ],
                [
                    0.0,
                    1111.1113654242622,
                    399.5
                ],
                [
                    0.0,
                    0.0,
                    1.0
                ]
            ],
            "transform_matrix": [
                [
                    0.09793636202812195,
                    -0.188728928565979,
                    0.9771336317062378,
                    3.8284449577331543
                ],
                [
                    0.99519282579422,
                    0.01857287622988224,
                    -0.09615913033485413,
                    0.17244987189769745
                ],
                [
                    -1.731989840436654e-07,
                    0.9818536043167114,
                    0.18964062631130219,
                    1.145979642868042
                ],
                [
                    0.0,
                    0.0,
                    0.0,
                    1.0
                ]
            ]
        },
        {
            "file_path": "./train/15_colors",
            "rotation": 0,
            "camera_intrinsics": [
                [
                    1111.1113654242622,
                    0.0,
                    399.5
                ],
                [
                    0.0,
                    1111.1113654242622,
                    399.5
                ],
                [
                    0.0,
                    0.0,
                    1.0
                ]
            ],
            "transform_matrix": [
                [
                    0.9920385479927063,
                    0.02129804529249668,
                    0.12412145733833313,
                    1.0523203611373901
                ],
                [
                    0.12593547999858856,
                    -0.16777221858501434,
                    -0.9777489304542542,
                    -3.850823163986206
                ],
                [
                    -7.662149137388496e-09,
                    0.985595703125,
                    -0.16911868751049042,
                    -0.25255125761032104
                ],
                [
                    0.0,
                    0.0,
                    0.0,
                    1.0
                ]
            ]
        },
        {
            "file_path": "./train/16_colors",
            "rotation": 0,
            "camera_intrinsics": [
                [
                    1111.1113654242622,
                    0.0,
                    399.5
                ],
                [
                    0.0,
                    1111.1113654242622,
                    399.5
                ],
                [
                    0.0,
                    0.0,
                    1.0
                ]
            ],
            "transform_matrix": [
                [
                    0.8749194741249084,
                    0.4306608736515045,
                    0.2214662879705429,
                    1.4911595582962036
                ],
                [
                    0.4842686653137207,
                    -0.7780672311782837,
                    -0.4001191556453705,
                    -1.2907099723815918
                ],
                [
                    2.122465980747279e-09,
                    0.4573211073875427,
                    -0.8893017768859863,
                    -3.480015993118286
                ],
                [
                    0.0,
                    0.0,
                    0.0,
                    1.0
                ]
            ]
        },
        {
            "file_path": "./train/17_colors",
            "rotation": 0,
            "camera_intrinsics": [
                [
                    1111.1113654242622,
                    0.0,
                    399.5
                ],
                [
                    0.0,
                    1111.1113654242622,
                    399.5
                ],
                [
                    0.0,
                    0.0,
                    1.0
                ]
            ],
            "transform_matrix": [
                [
                    -0.09516259282827377,
                    0.7895054817199707,
                    -0.6063210964202881,
                    -1.7947239875793457
                ],
                [
                    -0.9954618811607361,
                    -0.07547394931316376,
                    0.05796205252408981,
                    0.7193673253059387
                ],
                [
                    -8.970642539907203e-08,
                    0.609085202217102,
                    0.7931049466133118,
                    3.5016391277313232
                ],
                [
                    0.0,
                    0.0,
                    0.0,
                    1.0
                ]
            ]
        },
        {
            "file_path": "./train/18_colors",
            "rotation": 0,
            "camera_intrinsics": [
                [
                    1111.1113654242622,
                    0.0,
                    399.5
                ],
                [
                    0.0,
                    1111.1113654242622,
                    399.5
                ],
                [
                    0.0,
                    0.0,
                    1.0
                ]
            ],
            "transform_matrix": [
                [
                    -0.9934929609298706,
                    -0.056131761521101,
                    -0.09910216182470322,
                    0.12626178562641144
                ],
                [
                    -0.1138947531580925,
                    0.48963311314582825,
                    0.8644579648971558,
                    3.7600808143615723
                ],
                [
                    1.5099581673894136e-07,
                    0.8701199293136597,
                    -0.49284014105796814,
                    -1.3586204051971436
                ],
                [
                    0.0,
                    0.0,
                    0.0,
                    1.0
                ]
            ]
        },
        {
            "file_path": "./train/19_colors",
            "rotation": 0,
            "camera_intrinsics": [
                [
                    1111.1113654242622,
                    0.0,
                    399.5
                ],
                [
                    0.0,
                    1111.1113654242622,
                    399.5
                ],
                [
                    0.0,
                    0.0,
                    1.0
                ]
            ],
            "transform_matrix": [
                [
                    0.9987605810165405,
                    -0.0406537726521492,
                    -0.028719410300254822,
                    0.3655882477760315
                ],
                [
                    -0.049774836748838425,
                    -0.8157413005828857,
                    -0.5762713551521301,
                    -2.197049140930176
                ],
                [
                    -3.317677244041306e-09,
                    0.5769864916801453,
                    -0.8167538046836853,
                    -3.322547197341919
                ],
                [
                    0.0,
                    0.0,
                    0.0,
                    1.0
                ]
            ]
        },
        {
            "file_path": "./train/20_colors",
            "rotation": 0,
            "camera_intrinsics": [
                [
                    1111.1113654242622,
                    0.0,
                    399.5
                ],
                [
                    0.0,
                    1111.1113654242622,
                    399.5
                ],
                [
                    0.0,
                    0.0,
                    1.0
                ]
            ],
            "transform_matrix": [
                [
                    -0.4599328339099884,
                    0.29077765345573425,
                    0.8389936685562134,
                    3.4034414291381836
                ],
                [
                    0.8879538774490356,
                    0.1506137102842331,
                    0.43457305431365967,
                    2.003892421722412
                ],
                [
                    1.8059732553865615e-07,
                    0.9448618292808533,
                    -0.3274693191051483,
                    -0.6332471966743469
                ],
                [
                    0.0,
                    0.0,
                    0.0,
                    1.0
                ]
            ]
        },
        {
            "file_path": "./train/21_colors",
            "rotation": 0,
            "camera_intrinsics": [
                [
                    1111.1113654242622,
                    0.0,
                    399.5
                ],
                [
                    0.0,
                    1111.1113654242622,
                    399.5
                ],
                [
                    0.0,
                    0.0,
                    1.0
                ]
            ],
            "transform_matrix": [
                [
                    0.7837746739387512,
                    0.37481364607810974,
                    -0.4951891303062439,
                    -1.565909743309021
                ],
                [
                    -0.6210455298423767,
                    0.473023921251297,
                    -0.6249407529830933,
                    -2.107229232788086
                ],
                [
                    -2.469103499436187e-08,
                    0.7973475456237793,
                    0.6035205125808716,
                    3.0178654193878174
                ],
                [
                    0.0,
                    0.0,
                    0.0,
                    1.0
                ]
            ]
        },
        {
            "file_path": "./train/22_colors",
            "rotation": 0,
            "camera_intrinsics": [
                [
                    1111.1113654242622,
                    0.0,
                    399.5
                ],
                [
                    0.0,
                    1111.1113654242622,
                    399.5
                ],
                [
                    0.0,
                    0.0,
                    1.0
                ]
            ],
            "transform_matrix": [
                [
                    -0.4987037181854248,
                    -0.3973880112171173,
                    -0.77031010389328,
                    -2.8259029388427734
                ],
                [
                    -0.8667727112770081,
                    0.22864004969596863,
                    0.44320324063301086,
                    2.4135818481445312
                ],
                [
                    9.053452032503628e-08,
                    0.8887105584144592,
                    -0.4584687054157257,
                    -1.4794918298721313
                ],
                [
                    0.0,
                    0.0,
                    0.0,
                    1.0
                ]
            ]
        },
        {
            "file_path": "./train/23_colors",
            "rotation": 0,
            "camera_intrinsics": [
                [
                    1111.1113654242622,
                    0.0,
                    399.5
                ],
                [
                    0.0,
                    1111.1113654242622,
                    399.5
                ],
                [
                    0.0,
                    0.0,
                    1.0
                ]
            ],
            "transform_matrix": [
                [
                    -0.6636614799499512,
                    -0.31487032771110535,
                    -0.6785354018211365,
                    -2.3239083290100098
                ],
                [
                    -0.7480331659317017,
                    0.2793554961681366,
                    0.6020025610923767,
                    3.0053956508636475
                ],
                [
                    -1.4298291262093699e-07,
                    0.9070926904678345,
                    -0.4209309220314026,
                    -1.2518173456192017
                ],
                [
                    0.0,
                    0.0,
                    0.0,
                    1.0
                ]
            ]
        },
        {
            "file_path": "./train/24_colors",
            "rotation": 0,
            "camera_intrinsics": [
                [
                    1111.1113654242622,
                    0.0,
                    399.5
                ],
                [
                    0.0,
                    1111.1113654242622,
                    399.5
                ],
                [
                    0.0,
                    0.0,
                    1.0
                ]
            ],
            "transform_matrix": [
                [
                    0.205926775932312,
                    0.8431611657142639,
                    -0.4966623783111572,
                    -1.3759288787841797
                ],
                [
                    -0.9785675406455994,
                    0.17743220925331116,
                    -0.10451620072126389,
                    0.105235256254673
                ],
                [
                    -9.995505223514556e-08,
                    0.507540225982666,
                    0.8616281747817993,
                    3.754430055618286
                ],
                [
                    0.0,
                    0.0,
                    0.0,
                    1.0
                ]
            ]
        },
        {
            "file_path": "./train/25_colors",
            "rotation": 0,
            "camera_intrinsics": [
                [
                    1111.1113654242622,
                    0.0,
                    399.5
                ],
                [
                    0.0,
                    1111.1113654242622,
                    399.5
                ],
                [
                    0.0,
                    0.0,
                    1.0
                ]
            ],
            "transform_matrix": [
                [
                    -0.6500346660614014,
                    0.7375646829605103,
                    0.18290255963802338,
                    1.274314045906067
                ],
                [
                    0.7599047422409058,
                    0.6309247612953186,
                    0.15645760297775269,
                    1.1623607873916626
                ],
                [
                    -1.5099581673894136e-07,
                    0.24069131910800934,
                    -0.9706018567085266,
                    -3.6090221405029297
                ],
                [
                    0.0,
                    0.0,
                    0.0,
                    1.0
                ]
            ]
        },
        {
            "file_path": "./train/26_colors",
            "rotation": 0,
            "camera_intrinsics": [
                [
                    1111.1113654242622,
                    0.0,
                    399.5
                ],
                [
                    0.0,
                    1111.1113654242622,
                    399.5
                ],
                [
                    0.0,
                    0.0,
                    1.0
                ]
            ],
            "transform_matrix": [
                [
                    0.03156669810414314,
                    -0.7183544039726257,
                    -0.6949608325958252,
                    -2.758226156234741
                ],
                [
                    -0.9995017647743225,
                    -0.02268730290234089,
                    -0.021948635578155518,
                    0.397097110748291
                ],
                [
                    1.1141007405512937e-07,
                    0.6953073143959045,
                    -0.7187126278877258,
                    -2.869582414627075
                ],
                [
                    0.0,
                    0.0,
                    0.0,
                    1.0
                ]
            ]
        },
        {
            "file_path": "./train/27_colors",
            "rotation": 0,
            "camera_intrinsics": [
                [
                    1111.1113654242622,
                    0.0,
                    399.5
                ],
                [
                    0.0,
                    1111.1113654242622,
                    399.5
                ],
                [
                    0.0,
                    0.0,
                    1.0
                ]
            ],
            "transform_matrix": [
                [
                    0.9832718968391418,
                    0.10935673117637634,
                    -0.14566311240196228,
                    -0.09349694103002548
                ],
                [
                    -0.18214455246925354,
                    0.5903409719467163,
                    -0.7863339185714722,
                    -2.7038769721984863
                ],
                [
                    4.06490485715949e-09,
                    0.7997115850448608,
                    0.6003844141960144,
                    2.9462361335754395
                ],
                [
                    0.0,
                    0.0,
                    0.0,
                    1.0
                ]
            ]
        },
        {
            "file_path": "./train/28_colors",
            "rotation": 0,
            "camera_intrinsics": [
                [
                    1111.1113654242622,
                    0.0,
                    399.5
                ],
                [
                    0.0,
                    1111.1113654242622,
                    399.5
                ],
                [
                    0.0,
                    0.0,
                    1.0
                ]
            ],
            "transform_matrix": [
                [
                    0.054908864200115204,
                    -0.7867400646209717,
                    0.6148375272750854,
                    2.516777515411377
                ],
                [
                    0.9984914660453796,
                    0.04326430708169937,
                    -0.03381098061800003,
                    0.3890939950942993
                ],
                [
                    -6.993833068236199e-08,
                    0.6157664656639099,
                    0.7879288792610168,
                    3.084547996520996
                ],
                [
                    0.0,
                    0.0,
                    0.0,
                    1.0
                ]
            ]
        },
        {
            "file_path": "./train/29_colors",
            "rotation": 0,
            "camera_intrinsics": [
                [
                    1111.1113654242622,
                    0.0,
                    399.5
                ],
                [
                    0.0,
                    1111.1113654242622,
                    399.5
                ],
                [
                    0.0,
                    0.0,
                    1.0
                ]
            ],
            "transform_matrix": [
                [
                    -0.013582929968833923,
                    -0.7791834473609924,
                    0.6266488432884216,
                    2.5437753200531006
                ],
                [
                    0.9999078512191772,
                    -0.010584496892988682,
                    0.008512602187693119,
                    0.5277633666992188
                ],
                [
                    -1.1595977156275694e-07,
                    0.626706600189209,
                    0.7792554497718811,
                    3.041491746902466
                ],
                [
                    0.0,
                    0.0,
                    0.0,
                    1.0
                ]
            ]
        },
        {
            "file_path": "./train/30_colors",
            "rotation": 0,
            "camera_intrinsics": [
                [
                    1111.1113654242622,
                    0.0,
                    399.5
                ],
                [
                    0.0,
                    1111.1113654242622,
                    399.5
                ],
                [
                    0.0,
                    0.0,
                    1.0
                ]
            ],
            "transform_matrix": [
                [
                    -0.9822126626968384,
                    0.14631173014640808,
                    -0.11769214272499084,
                    0.1094478964805603
                ],
                [
                    -0.18777266144752502,
                    -0.7653365135192871,
                    0.6156309843063354,
                    2.5429227352142334
                ],
                [
                    -5.8466799401912795e-08,
                    0.6267797350883484,
                    0.7791966199874878,
                    3.0857033729553223
                ],
                [
                    0.0,
                    0.0,
