{
    "camera_angle_x": 0.6911110281944275,
    "frames": [
        {
            "file_path": "./video/0_colors",
            "rotation": 0,
            "camera_intrinsics": [
                [
                    1111.1113654242622,
                    0.0,
                    399.5
                ],
                [
                    0.0,
                    1111.1113654242622,
                    399.5
                ],
                [
                    0.0,
                    0.0,
                    1.0
                ]
            ],
            "transform_matrix": [
                [
                    7.549789415861596e-08,
                    -7.54978870531886e-08,
                    1.0,
                    3.5
                ],
                [
                    0.9999999403953552,
                    1.1920928244535389e-07,
                    -7.54978870531886e-08,
                    0.4999999701976776
                ],
                [
                    -1.1920926823449918e-07,
                    1.0,
                    7.549790126404332e-08,
                    0.5
                ],
                [
                    0.0,
                    0.0,
                    0.0,
                    1.0
                ]
            ]
        },
        {
            "file_path": "./video/1_colors",
            "rotation": 0,
            "camera_intrinsics": [
                [
                    1111.1113654242622,
                    0.0,
                    399.5
                ],
                [
                    0.0,
                    1111.1113654242622,
                    399.5
                ],
                [
                    0.0,
                    0.0,
                    1.0
                ]
            ],
            "transform_matrix": [
                [
                    -0.01745223067700863,
                    -0.008725233376026154,
                    0.9998096227645874,
                    3.4994289875030518
                ],
                [
                    0.9998476505279541,
                    -0.00015226042887661606,
                    0.017451567575335503,
                    0.552355170249939
                ],
                [
                    -3.756236210961106e-08,
                    0.9999619126319885,
                    0.008726561442017555,
                    0.5261796116828918
                ],
                [
                    0.0,
                    0.0,
                    0.0,
                    1.0
                ]
            ]
        },
        {
            "file_path": "./video/2_colors",
            "rotation": 0,
            "camera_intrinsics": [
                [
                    1111.1113654242622,
                    0.0,
                    399.5
                ],
                [
                    0.0,
                    1111.1113654242622,
                    399.5
                ],
                [
                    0.0,
                    0.0,
                    1.0
                ]
            ],
            "transform_matrix": [
                [
                    -0.034899577498435974,
                    -0.017441755160689354,
                    0.9992386102676392,
                    3.497715950012207
                ],
                [
                    0.9993907809257507,
                    -0.0006090019014663994,
                    0.03489426523447037,
                    0.6046825051307678
                ],
                [
                    -7.899607368244688e-08,
                    0.9998477101325989,
                    0.017452383413910866,
                    0.5523571968078613
                ],
                [
                    0.0,
                    0.0,
                    0.0,
                    1.0
                ]
            ]
        },
        {
            "file_path": "./video/3_colors",
            "rotation": 0,
            "camera_intrinsics": [
                [
                    1111.1113654242622,
                    0.0,
                    399.5
                ],
                [
                    0.0,
                    1111.1113654242622,
                    399.5
                ],
                [
                    0.0,
                    0.0,
                    1.0
                ]
            ],
            "transform_matrix": [
                [
                    -0.052335817366838455,
                    -0.026140881702303886,
                    0.9982873201370239,
                    3.4948620796203613
                ],
                [
                    0.9986295104026794,
                    -0.0013699989067390561,
                    0.05231788754463196,
                    0.6569540500640869
                ],
                [
                    1.6803337388182626e-08,
                    0.9996573328971863,
                    0.026176756247878075,
                    0.5785308480262756
                ],
                [
                    0.0,
                    0.0,
                    0.0,
                    1.0
                ]
            ]
        },
        {
            "file_path": "./video/4_colors",
            "rotation": 0,
            "camera_intrinsics": [
                [
                    1111.1113654242622,
                    0.0,
                    399.5
                ],
                [
                    0.0,
                    1111.1113654242622,
                    399.5
                ],
                [
                    0.0,
                    0.0,
                    1.0
                ]
            ],
            "transform_matrix": [
                [
                    -0.06975658982992172,
                    -0.03481448069214821,
                    0.9969563484191895,
                    3.4908690452575684
                ],
                [
                    0.9975639581680298,
                    -0.002434446942061186,
                    0.06971410661935806,
                    0.7091419100761414
                ],
                [
                    -2.3209251409639364e-08,
                    0.9993908405303955,
                    0.03489949554204941,
                    0.6046984791755676
                ],
                [
                    0.0,
                    0.0,
                    0.0,
                    1.0
                ]
            ]
        },
        {
            "file_path": "./video/5_colors",
            "rotation": 0,
            "camera_intrinsics": [
                [
                    1111.1113654242622,
                    0.0,
                    399.5
                ],
                [
                    0.0,
                    1111.1113654242622,
                    399.5
                ],
                [
                    0.0,
                    0.0,
                    1.0
                ]
            ],
            "transform_matrix": [
                [
                    -0.08715575933456421,
                    -0.04345325753092766,
                    0.9952465295791626,
                    3.4857397079467773
                ],
                [
                    0.9961946606636047,
                    -0.0038013607263565063,
                    0.08707282692193985,
                    0.7612183690071106
                ],
                [
                    -3.071100422857853e-07,
                    0.9990482330322266,
                    0.04361921548843384,
                    0.6308581829071045
                ],
                [
                    0.0,
                    0.0,
                    0.0,
                    1.0
                ]
            ]
        },
        {
            "file_path": "./video/6_colors",
            "rotation": 0,
            "camera_intrinsics": [
                [
                    1111.1113654242622,
                    0.0,
                    399.5
                ],
                [
                    0.0,
                    1111.1113654242622,
                    399.5
                ],
                [
                    0.0,
                    0.0,
                    1.0
                ]
            ],
            "transform_matrix": [
                [
                    -0.1045282632112503,
                    -0.052049268037080765,
                    0.9931589365005493,
                    3.4794769287109375
                ],
                [
                    0.9945218563079834,
                    -0.005470623262226582,
                    0.10438501834869385,
                    0.8131555914878845
                ],
                [
                    3.4697926309945615e-08,
                    0.9986295104026794,
                    0.05233597382903099,
                    0.6570078730583191
                ],
                [
                    0.0,
                    0.0,
                    0.0,
                    1.0
                ]
            ]
        },
        {
            "file_path": "./video/7_colors",
            "rotation": 0,
            "camera_intrinsics": [
                [
                    1111.1113654242622,
                    0.0,
                    399.5
                ],
                [
                    0.0,
                    1111.1113654242622,
                    399.5
                ],
                [
                    0.0,
                    0.0,
                    1.0
                ]
            ],
            "transform_matrix": [
                [
                    -0.12186940014362335,
                    -0.060593485832214355,
                    0.9906948208808899,
                    3.4720845222473145
                ],
                [
                    0.9925460815429688,
                    -0.007439734414219856,
                    0.1216421127319336,
                    0.8649260401725769
                ],
                [
                    -2.1328852994884073e-07,
                    0.9981347918510437,
                    0.06104850769042969,
                    0.6831456422805786
                ],
                [
                    0.0,
                    0.0,
                    0.0,
                    1.0
                ]
            ]
        },
        {
            "file_path": "./video/8_colors",
            "rotation": 0,
            "camera_intrinsics": [
                [
                    1111.1113654242622,
                    0.0,
                    399.5
                ],
                [
                    0.0,
                    1111.1113654242622,
                    399.5
                ],
                [
                    0.0,
                    0.0,
                    1.0
                ]
            ],
            "transform_matrix": [
                [
                    -0.13917306065559387,
                    -0.06907731294631958,
                    0.987855851650238,
                    3.4635674953460693
                ],
                [
                    0.9902679920196533,
                    -0.009708008728921413,
                    0.13883405923843384,
                    0.9165022373199463
                ],
                [
                    -1.7156507681193034e-07,
                    0.9975640773773193,
                    0.0697561576962471,
                    0.7092694044113159
                ],
                [
                    0.0,
                    0.0,
                    0.0,
                    1.0
                ]
            ]
        },
        {
            "file_path": "./video/9_colors",
            "rotation": 0,
            "camera_intrinsics": [
                [
                    1111.1113654242622,
                    0.0,
                    399.5
                ],
                [
                    0.0,
                    1111.1113654242622,
                    399.5
                ],
                [
                    0.0,
                    0.0,
                    1.0
                ]
            ],
            "transform_matrix": [
                [
                    -0.1564345508813858,
                    -0.0774930939078331,
                    0.9846436381340027,
                    3.4539308547973633
                ],
                [
                    0.9876882433891296,
                    -0.012273893691599369,
                    0.1559523195028305,
                    0.9678566455841064
                ],
                [
                    1.835892931012495e-07,
                    0.9969173073768616,
                    0.07845908403396606,
                    0.735377311706543
                ],
                [
                    0.0,
                    0.0,
                    0.0,
                    1.0
                ]
            ]
        },
        {
            "file_path": "./video/10_colors",
            "rotation": 0,
            "camera_intrinsics": [
                [
                    1111.1113654242622,
                    0.0,
                    399.5
                ],
                [
                    0.0,
                    1111.1113654242622,
                    399.5
                ],
                [
                    0.0,
                    0.0,
                    1.0
                ]
            ],
            "transform_matrix": [
                [
                    -0.173648402094841,
                    -0.08583170175552368,
                    0.9810602068901062,
                    3.443180799484253
                ],
                [
                    0.9848076701164246,
                    -0.015134470537304878,
                    0.17298763990402222,
                    1.0189621448516846
                ],
                [
                    3.6019258686792455e-09,
                    0.9961947202682495,
                    0.08715580403804779,
                    0.7614672183990479
                ],
                [
                    0.0,
                    0.0,
                    0.0,
                    1.0
                ]
            ]
        },
        {
            "file_path": "./video/11_colors",
            "rotation": 0,
            "camera_intrinsics": [
                [
                    1111.1113654242622,
                    0.0,
                    399.5
                ],
                [
                    0.0,
                    1111.1113654242622,
                    399.5
                ],
                [
                    0.0,
                    0.0,
                    1.0
                ]
            ],
            "transform_matrix": [
                [
                    -0.19080889225006104,
                    -0.09408479183912277,
                    0.9771080017089844,
                    3.431324005126953
                ],
                [
                    0.9816271662712097,
                    -0.01828828454017639,
                    0.18993045389652252,
                    1.0697916746139526
                ],
                [
                    6.140452057934453e-08,
                    0.9953961968421936,
                    0.09584575891494751,
                    0.7875372767448425
                ],
                [
                    0.0,
                    0.0,
                    0.0,
                    1.0
                ]
            ]
        },
        {
            "file_path": "./video/12_colors",
            "rotation": 0,
            "camera_intrinsics": [
                [
                    1111.1113654242622,
                    0.0,
                    399.5
                ],
                [
                    0.0,
                    1111.1113654242622,
                    399.5
                ],
                [
                    0.0,
                    0.0,
                    1.0
                ]
            ],
            "transform_matrix": [
                [
                    -0.20791183412075043,
                    -0.10224411636590958,
                    0.9727891683578491,
                    3.418367624282837
                ],
                [
                    0.9781475067138672,
                    -0.021732622757554054,
                    0.20677290856838226,
                    1.1203181743621826
                ],
                [
                    -5.19524085973444e-08,
                    0.9945219159126282,
                    0.10452830046415329,
                    0.8135854005813599
                ],
                [
                    0.0,
                    0.0,
                    0.0,
                    1.0
                ]
            ]
        },
        {
            "file_path": "./video/13_colors",
            "rotation": 0,
            "camera_intrinsics": [
                [
                    1111.1113654242622,
                    0.0,
                    399.5
                ],
                [
                    0.0,
                    1111.1113654242622,
                    399.5
                ],
                [
                    0.0,
                    0.0,
                    1.0
                ]
            ],
            "transform_matrix": [
                [
                    -0.22495098412036896,
                    -0.11030173301696777,
                    0.9681066870689392,
                    3.404320001602173
                ],
                [
                    0.974370002746582,
                    -0.025465168058872223,
                    0.22350499033927917,
                    1.1705150604248047
                ],
                [
                    1.2000639593168216e-08,
                    0.9935718774795532,
                    0.11320312321186066,
                    0.8396096229553223
                ],
                [
                    0.0,
                    0.0,
                    0.0,
                    1.0
                ]
            ]
        },
        {
            "file_path": "./video/14_colors",
            "rotation": 0,
            "camera_intrinsics": [
                [
                    1111.1113654242622,
                    0.0,
                    399.5
                ],
                [
                    0.0,
                    1111.1113654242622,
                    399.5
                ],
                [
                    0.0,
                    0.0,
                    1.0
                ]
            ],
            "transform_matrix": [
                [
                    -0.24192208051681519,
                    -0.11824940890073776,
                    0.9630632400512695,
                    3.3891899585723877
                ],
                [
                    0.9702956080436707,
                    -0.029482850804924965,
                    0.2401188462972641,
                    1.2203558683395386
                ],
                [
                    -6.249999984220267e-08,
                    0.9925461411476135,
                    0.12186944484710693,
                    0.8656080365180969
                ],
                [
                    0.0,
                    0.0,
                    0.0,
                    1.0
                ]
            ]
        },
        {
            "file_path": "./video/15_colors",
            "rotation": 0,
            "camera_intrinsics": [
                [
                    1111.1113654242622,
                    0.0,
                    399.5
                ],
                [
                    0.0,
                    1111.1113654242622,
                    399.5
                ],
                [
                    0.0,
                    0.0,
                    1.0
                ]
            ],
            "transform_matrix": [
                [
                    -0.25881877541542053,
                    -0.12607857584953308,
                    0.9576622843742371,
                    3.3729865550994873
                ],
                [
                    0.9659258127212524,
                    -0.033782556653022766,
                    0.2566045820713043,
                    1.269814372062683
                ],
                [
                    -6.181493006351957e-08,
                    0.9914448857307434,
                    0.1305261254310608,
                    0.8915785551071167
                ],
                [
                    0.0,
                    0.0,
                    0.0,
                    1.0
                ]
            ]
        },
        {
            "file_path": "./video/16_colors",
            "rotation": 0,
            "camera_intrinsics": [
                [
                    1111.1113654242622,
                    0.0,
                    399.5
                ],
                [
                    0.0,
                    1111.1113654242622,
                    399.5
                ],
                [
                    0.0,
                    0.0,
                    1.0
                ]
            ],
            "transform_matrix": [
                [
                    -0.2756374478340149,
                    -0.13378174602985382,
                    0.9519067406654358,
                    3.355720281600952
                ],
                [
                    0.9612615704536438,
                    -0.038361407816410065,
                    0.2729549705982208,
                    1.3188645839691162
                ],
                [
                    9.03757140235939e-08,
                    0.9902680516242981,
                    0.13917310535907745,
                    0.9175193309783936
                ],
                [
                    0.0,
                    0.0,
                    0.0,
                    1.0
                ]
            ]
        },
        {
            "file_path": "./video/17_colors",
            "rotation": 0,
            "camera_intrinsics": [
                [
                    1111.1113654242622,
                    0.0,
                    399.5
                ],
                [
                    0.0,
                    1111.1113654242622,
                    399.5
                ],
                [
                    0.0,
                    0.0,
                    1.0
                ]
            ],
            "transform_matrix": [
                [
                    -0.29237160086631775,
                    -0.14135079085826874,
                    0.9458006024360657,
                    3.3374016284942627
                ],
                [
                    0.9563047289848328,
                    -0.043215300887823105,
                    0.2891601622104645,
                    1.367480754852295
                ],
                [
                    3.999324249548408e-08,
                    0.9890158772468567,
                    0.14780935645103455,
                    0.9434282183647156
                ],
                [
                    0.0,
                    0.0,
                    0.0,
                    1.0
                ]
            ]
        },
        {
            "file_path": "./video/18_colors",
            "rotation": 0,
            "camera_intrinsics": [
                [
                    1111.1113654242622,
                    0.0,
                    399.5
                ],
                [
                    0.0,
                    1111.1113654242622,
                    399.5
                ],
                [
                    0.0,
                    0.0,
                    1.0
                ]
            ],
            "transform_matrix": [
                [
                    -0.3090166747570038,
                    -0.1487777829170227,
                    0.9393475651741028,
                    3.318042278289795
                ],
                [
                    0.9510565400123596,
                    -0.04834054410457611,
                    0.30521225929260254,
                    1.4156373739242554
                ],
                [
                    -2.298204719863861e-07,
                    0.987688422203064,
                    0.15643413364887238,
                    0.9693033695220947
                ],
                [
                    0.0,
                    0.0,
                    0.0,
                    1.0
                ]
            ]
        },
        {
            "file_path": "./video/19_colors",
            "rotation": 0,
            "camera_intrinsics": [
                [
                    1111.1113654242622,
                    0.0,
                    399.5
                ],
                [
                    0.0,
                    1111.1113654242622,
                    399.5
                ],
                [
                    0.0,
                    0.0,
                    1.0
                ]
            ],
            "transform_matrix": [
                [
                    -0.3255678415298462,
                    -0.15605567395687103,
                    0.9325514435768127,
                    3.297654151916504
                ],
                [
                    0.9455186128616333,
                    -0.05373386666178703,
                    0.32110297679901123,
                    1.4633095264434814
                ],
                [
                    -3.459335289335286e-07,
                    0.9862856268882751,
                    0.1650475710630417,
                    0.9951428174972534
                ],
                [
                    0.0,
                    0.0,
                    0.0,
                    1.0
                ]
            ]
        },
        {
            "file_path": "./video/20_colors",
            "rotation": 0,
            "camera_intrinsics": [
                [
                    1111.1113654242622,
                    0.0,
                    399.5
                ],
                [
                    0.0,
                    1111.1113654242622,
                    399.5
                ],
                [
                    0.0,
                    0.0,
                    1.0
                ]
            ],
            "transform_matrix": [
                [
                    -0.34202009439468384,
                    -0.16317586600780487,
                    0.9254165887832642,
                    3.276249647140503
                ],
                [
                    0.9396925568580627,
                    -0.0593910738825798,
                    0.33682408928871155,
                    1.5104721784591675
                ],
                [
                    -7.391070511175712e-08,
                    0.9848077893257141,
                    0.17364810407161713,
                    1.0209444761276245
                ],
                [
                    0.0,
                    0.0,
                    0.0,
                    1.0
                ]
            ]
        },
        {
            "file_path": "./video/21_colors",
            "rotation": 0,
            "camera_intrinsics": [
                [
                    1111.1113654242622,
                    0.0,
                    399.5
                ],
                [
                    0.0,
                    1111.1113654242622,
                    399.5
                ],
                [
                    0.0,
                    0.0,
                    1.0
                ]
            ],
            "transform_matrix": [
                [
                    -0.35836780071258545,
                    -0.17013143002986908,
                    0.9179475903511047,
                    3.25384259223938
                ],
                [
                    0.9335803985595703,
                    -0.06530724465847015,
                    0.35236695408821106,
                    1.5571011304855347
                ],
                [
                    -6.66754544909054e-08,
                    0.9832549095153809,
                    0.18223540484905243,
                    1.0467065572738647
                ],
                [
                    0.0,
                    0.0,
                    0.0,
                    1.0
                ]
            ]
        },
        {
            "file_path": "./video/22_colors",
            "rotation": 0,
            "camera_intrinsics": [
                [
                    1111.1113654242622,
                    0.0,
                    399.5
                ],
                [
                    0.0,
                    1111.1113654242622,
                    399.5
                ],
                [
                    0.0,
                    0.0,
                    1.0
                ]
            ],
            "transform_matrix": [
                [
                    -0.3746066987514496,
                    -0.1769150048494339,
                    0.9101487994194031,
                    3.2304465770721436
                ],
                [
                    0.9271837472915649,
                    -0.07147848606109619,
                    0.36772412061691284,
                    1.6031720638275146
                ],
                [
                    1.4627238442699309e-07,
                    0.9816271662712097,
                    0.19080905616283417,
                    1.0724270343780518
                ],
                [
                    0.0,
                    0.0,
                    0.0,
                    1.0
                ]
            ]
        },
        {
            "file_path": "./video/23_colors",
            "rotation": 0,
            "camera_intrinsics": [
                [
                    1111.1113654242622,
                    0.0,
                    399.5
                ],
                [
                    0.0,
                    1111.1113654242622,
                    399.5
                ],
                [
                    0.0,
                    0.0,
                    1.0
                ]
            ],
            "transform_matrix": [
                [
                    -0.3907311260700226,
                    -0.18351905047893524,
                    0.9020254611968994,
                    3.2060763835906982
                ],
                [
                    0.9205048084259033,
                    -0.07789923995733261,
                    0.3828871250152588,
                    1.6486612558364868
                ],
                [
                    1.7525797701978263e-08,
                    0.979924738407135,
                    0.19936783611774445,
                    1.0981037616729736
                ],
                [
                    0.0,
                    0.0,
                    0.0,
                    1.0
                ]
            ]
        },
        {
            "file_path": "./video/24_colors",
            "rotation": 0,
            "camera_intrinsics": [
                [
                    1111.1113654242622,
                    0.0,
                    399.5
                ],
                [
                    0.0,
                    1111.1113654242622,
                    399.5
                ],
                [
                    0.0,
                    0.0,
                    1.0
                ]
            ],
            "transform_matrix": [
                [
                    -0.40673667192459106,
                    -0.18993693590164185,
                    0.8935822248458862,
                    3.1807467937469482
                ],
                [
                    0.9135453701019287,
                    -0.08456515520811081,
                    0.39784854650497437,
                    1.6935453414916992
                ],
                [
                    -2.131306047203907e-07,
                    0.978147566318512,
                    0.20791177451610565,
                    1.1237350702285767
                ],
                [
                    0.0,
                    0.0,
                    0.0,
                    1.0
                ]
            ]
        },
        {
            "file_path": "./video/25_colors",
            "rotation": 0,
            "camera_intrinsics": [
                [
                    1111.1113654242622,
                    0.0,
                    399.5
                ],
                [
                    0.0,
                    1111.1113654242622,
                    399.5
                ],
                [
                    0.0,
                    0.0,
                    1.0
                ]
            ],
            "transform_matrix": [
                [
                    -0.4226182997226715,
                    -0.196160688996315,
                    0.8848246932029724,
                    3.1544740200042725
                ],
                [
                    0.9063076972961426,
                    -0.0914715901017189,
                    0.4126005470752716,
                    1.7378015518188477
                ],
                [
                    3.1797407018530066e-07,
                    0.9762960076332092,
                    0.21643953025341034,
                    1.149318814277649
                ],
                [
                    0.0,
                    0.0,
                    0.0,
                    1.0
                ]
            ]
        },
        {
            "file_path": "./video/26_colors",
            "rotation": 0,
            "camera_intrinsics": [
                [
                    1111.1113654242622,
                    0.0,
                    399.5
                ],
                [
                    0.0,
                    1111.1113654242622,
                    399.5
                ],
                [
                    0.0,
                    0.0,
                    1.0
                ]
            ],
            "transform_matrix": [
                [
                    -0.43837109208106995,
                    -0.2021845281124115,
                    0.8757580518722534,
                    3.1272740364074707
                ],
                [
                    0.8987939953804016,
                    -0.09861176460981369,
                    0.42713576555252075,
                    1.781407117843628
                ],
                [
                    -1.9429400310855272e-07,
                    0.9743701219558716,
                    0.22495080530643463,
                    1.1748532056808472
                ],
                [
                    0.0,
                    0.0,
                    0.0,
                    1.0
                ]
            ]
        },
        {
            "file_path": "./video/27_colors",
            "rotation": 0,
            "camera_intrinsics": [
                [
                    1111.1113654242622,
                    0.0,
                    399.5
                ],
                [
                    0.0,
                    1111.1113654242622,
                    399.5
                ],
                [
                    0.0,
                    0.0,
                    1.0
                ]
            ],
            "transform_matrix": [
                [
                    -0.4539903700351715,
                    -0.20800134539604187,
                    0.8663880228996277,
                    3.099163770675659
                ],
                [
                    0.8910065293312073,
                    -0.10598183423280716,
                    0.4414466321468353,
                    1.8243401050567627
                ],
                [
                    -1.0253756244082979e-07,
                    0.972369909286499,
                    0.23344530165195465,
                    1.2003360986709595
                ],
                [
                    0.0,
                    0.0,
                    0.0,
                    1.0
                ]
            ]
        },
        {
            "file_path": "./video/28_colors",
            "rotation": 0,
            "camera_intrinsics": [
                [
                    1111.1113654242622,
                    0.0,
                    399.5
                ],
                [
                    0.0,
                    1111.1113654242622,
                    399.5
                ],
                [
                    0.0,
                    0.0,
                    1.0
                ]
            ],
            "transform_matrix": [
                [
                    -0.4694717526435852,
                    -0.21360455453395844,
                    0.8567200899124146,
                    3.0701608657836914
                ],
                [
                    0.8829473853111267,
                    -0.11357533186674118,
                    0.4555265009403229,
                    1.8665786981582642
                ],
                [
                    -2.6957602017319005e-07,
                    0.9702956676483154,
                    0.2419220209121704,
                    1.2257657051086426
                ],
                [
                    0.0,
                    0.0,
                    0.0,
                    1.0
                ]
            ]
        },
        {
            "file_path": "./video/29_colors",
            "rotation": 0,
            "camera_intrinsics": [
                [
                    1111.1113654242622,
                    0.0,
                    399.5
                ],
                [
                    0.0,
                    1111.1113654242622,
                    399.5
                ],
                [
                    0.0,
                    0.0,
                    1.0
                ]
            ],
            "transform_matrix": [
                [
                    -0.4848097264766693,
                    -0.21898725628852844,
                    0.8467609286308289,
                    3.040282964706421
                ],
                [
                    0.8746195435523987,
                    -0.12138659507036209,
                    0.46936744451522827,
                    1.9081017971038818
                ],
                [
                    -5.863060437150125e-08,
                    0.9681476354598999,
                    0.2503799498081207,
                    1.2511399984359741
                ],
                [
                    0.0,
                    0.0,
                    0.0,
                    1.0
                ]
            ]
        },
        {
            "file_path": "./video/30_colors",
            "rotation": 0,
            "camera_intrinsics": [
                [
                    1111.1113654242622,
                    0.0,
                    399.5
                ],
                [
                    0.0,
                    1111.1113654242622,
                    399.5
                ],
                [
                    0.0,
                    0.0,
                    1.0
                ]
            ],
            "transform_matrix": [
                [
                    -0.5,
                    -0.22414374351501465,
                    0.8365163207054138,
                    3.0095489025115967
                ],
                [
                    0.8660253286361694,
                    -0.1294097751379013,
                    0.4829629063606262,
                    1.9488886594772339
                ],
                [
                    2.73525898819571e-07,
                    0.9659258127212524,
                    0.2588190734386444,
                    1.2764571905136108
                ],
                [
                    0.0,
                    0.0,
                    0.0,
                    1.0
